1            1.0000000000                0.4000000000                 0.5545454545
2            2.0000000000                0.7000000000                 0.6909090909
3            3.0000000000                1.0000000000                 0.8272727273
4            4.0000000000                1.1000000000                 0.9636363636
5            5.0000000000                1.0000000000                 1.1000000000
6            6.0000000000                1.2000000000                 1.2363636364
7            7.0000000000                1.4000000000                 1.3727272727
8            8.0000000000                1.5000000000                 1.5090909091
9            9.0000000000                1.6000000000                 1.6454545455
10           10.0000000000                1.7000000000                 1.7818181818
11           11.0000000000                2.0000000000                 1.9181818182
12           12.0000000000                2.4000000000                 2.3333333333
13           13.0000000000                2.6000000000                 2.6916666667
14           14.0000000000                2.9000000000                 3.0500000000
15           15.0000000000                3.4000000000                 3.4083333333
16           16.0000000000                3.9000000000                 3.7666666667
17           17.0000000000                4.3000000000                 4.1250000000
18           18.0000000000                4.5000000000                 4.4833333333
19           19.0000000000                4.8000000000                 4.8416666667
20           20.0000000000                5.1000000000                 5.2000000000
21           21.0000000000                5.2000000000                 5.1785714286
22           22.0000000000                5.3000000000                 5.3000000000
23           23.0000000000                5.4000000000                 5.4214285714
24           24.0000000000                5.5000000000                 5.5428571429
25           25.0000000000                5.7000000000                 5.6642857143
26           26.0000000000                5.8000000000                 5.7857142857
27           27.0000000000                5.9000000000                 5.9071428571
28           28.0000000000                6.2000000000                 6.1600000000
29           29.0000000000                6.2000000000                 6.2300000000
30           30.0000000000                6.3000000000                 6.3000000000
31           31.0000000000                6.3000000000                 6.3700000000
32           32.0000000000                6.5000000000                 6.4400000000
33           33.0000000000                6.8000000000                 6.7800000000
34           34.0000000000                7.2000000000                 7.1700000000
35           35.0000000000                7.5000000000                 7.5600000000
36           36.0000000000                7.9000000000                 7.9500000000
37           37.0000000000                8.4000000000                 8.3400000000
38           38.0000000000                9.0000000000                 8.8904761905
39           39.0000000000                9.4000000000                 9.3876190476
40           40.0000000000                9.8000000000                 9.8847619048
41           41.0000000000               10.2000000000                10.3819047619
42           42.0000000000               10.9000000000                10.8790476190
43           43.0000000000               11.5000000000                11.3761904762
44           44.0000000000               12.2000000000                11.9000000000
45           45.0000000000               12.7000000000                12.8900000000
46           46.0000000000               13.6000000000                13.8800000000
47           47.0000000000               14.8000000000                14.8700000000
48           48.0000000000               16.1000000000                15.8600000000
49           49.0000000000               17.7000000000                17.5761904762
50           50.0000000000               19.9000000000                19.8590476190
51           51.0000000000               21.9000000000                22.1419047619
52           52.0000000000               24.4000000000                24.4247619048
53           53.0000000000               26.7000000000                26.7076190476
54           54.0000000000               29.1000000000                28.9904761905
55           55.0000000000               31.7000000000                31.7083333333
56           56.0000000000               34.6000000000                34.4130952381
57           57.0000000000               37.0000000000                37.1178571429
58           58.0000000000               39.8000000000                39.8226190476
59           59.0000000000               42.4000000000                42.5273809524
60           60.0000000000               45.2000000000                45.2321428571
61           61.0000000000               48.0000000000                47.9369047619
62           62.0000000000               50.7000000000                50.6416666667
63           63.0000000000               52.9000000000                52.9600000000
64           64.0000000000               55.7000000000                55.7700000000
65           65.0000000000               58.8000000000                58.5800000000
66           66.0000000000               61.4000000000                61.3900000000
67           67.0000000000               64.1000000000                64.2000000000
68           68.0000000000               66.2000000000                66.7448717949
69           69.0000000000               68.6000000000                68.6018648019
70           70.0000000000               71.0000000000                70.4588578089
71           71.0000000000               72.6000000000                72.3158508159
72           72.0000000000               74.1000000000                74.1728438228
73           73.0000000000               76.0000000000                76.0298368298
74           74.0000000000               77.7000000000                77.8868298368
75           75.0000000000               79.8000000000                79.7438228438
76           76.0000000000               81.6000000000                81.6008158508
77           77.0000000000               83.6000000000                83.4578088578
78           78.0000000000               85.3000000000                85.3148018648
79           79.0000000000               87.0000000000                87.1717948718
80           80.0000000000               88.5000000000                88.5200000000
81           81.0000000000               89.9000000000                89.9000000000
82           82.0000000000               91.3000000000                91.2800000000
83           83.0000000000               92.7000000000                92.6600000000
84           84.0000000000               94.0000000000                94.0400000000
85           85.0000000000               95.0000000000                94.9800000000
86           86.0000000000               95.9000000000                95.9800000000
87           87.0000000000               97.0000000000                96.9800000000
88           88.0000000000               98.1000000000                97.9800000000
89           89.0000000000               98.9000000000                98.9800000000
90           90.0000000000               99.6000000000                99.5095238095
91           91.0000000000               99.9000000000                99.9923809524
92           92.0000000000              100.4000000000               100.4752380952
93           93.0000000000              101.0000000000               100.9580952381
94           94.0000000000              101.5000000000               101.4409523810
95           95.0000000000              101.9000000000               101.9238095238
96           96.0000000000              102.2000000000               101.7782051282
97           97.0000000000              102.0000000000               101.9806526807
98           98.0000000000              102.3000000000               102.1831002331
99           99.0000000000              102.3000000000               102.3855477855
100          100.0000000000              102.1000000000               102.5879953380
101          101.0000000000              102.2000000000               102.7904428904
102          102.0000000000              102.4000000000               102.9928904429
103          103.0000000000              103.6000000000               103.1953379953
104          104.0000000000              104.3000000000               103.3977855478
105          105.0000000000              103.8000000000               103.6002331002
106          106.0000000000              103.8000000000               103.8026806527
107          107.0000000000              103.7000000000               104.0051282051
108          108.0000000000              103.4000000000               103.5200000000
109          109.0000000000              102.9000000000               102.5800000000
110          110.0000000000              101.5000000000               101.6400000000
111          111.0000000000              100.5000000000               100.7000000000
112          112.0000000000               99.9000000000                99.7600000000
113          113.0000000000               99.3000000000                99.1400000000
114          114.0000000000               98.9000000000                99.0000000000
115          115.0000000000               98.7000000000                98.8600000000
116          116.0000000000               98.7000000000                98.7200000000
117          117.0000000000               98.7000000000                98.5800000000
118          118.0000000000               99.1000000000               100.1543478261
119          119.0000000000               99.4000000000                99.5434782609
120          120.0000000000               99.0000000000                98.9326086957
121          121.0000000000               98.9000000000                98.3217391304
122          122.0000000000               98.4000000000                97.7108695652
123          123.0000000000               97.6000000000                97.1000000000
124          124.0000000000               96.7000000000                96.4891304348
125          125.0000000000               95.7000000000                95.8782608696
126          126.0000000000               95.0000000000                95.2673913043
127          127.0000000000               94.5000000000                94.6565217391
128          128.0000000000               93.7000000000                94.0456521739
129          129.0000000000               93.1000000000                93.4347826087
130          130.0000000000               92.7000000000                92.8239130435
131          131.0000000000               92.2000000000                92.2130434783
132          132.0000000000               91.7000000000                91.6021739130
133          133.0000000000               91.2000000000                90.9913043478
134          134.0000000000               90.7000000000                90.3804347826
135          135.0000000000               90.1000000000                89.7695652174
136          136.0000000000               89.5000000000                89.1586956522
137          137.0000000000               88.7000000000                88.5478260870
138          138.0000000000               87.9000000000                87.9369565217
139          139.0000000000               87.0000000000                87.3260869565
140          140.0000000000               86.2000000000                86.7152173913
141          141.0000000000               85.1000000000                84.8200000000
142          142.0000000000               84.2000000000                84.2100000000
143          143.0000000000               83.1000000000                83.6000000000
144          144.0000000000               82.9000000000                82.9900000000
145          145.0000000000               82.7000000000                82.3800000000
146          146.0000000000               82.4000000000                82.2400000000
147          147.0000000000               82.4000000000                82.5000000000
148          148.0000000000               82.6000000000                82.7600000000
149          149.0000000000               83.0000000000                83.0200000000
150          150.0000000000               83.4000000000                83.2800000000
151          151.0000000000               83.0000000000                82.9866666667
152          152.0000000000               82.6000000000                82.7066666667
153          153.0000000000               82.5000000000                82.4266666667
154          154.0000000000               82.2000000000                82.1466666667
155          155.0000000000               81.9000000000                81.8666666667
156          156.0000000000               81.5000000000                81.5866666667
157          157.0000000000               81.3000000000                81.3066666667
158          158.0000000000               81.1000000000                81.0266666667
159          159.0000000000               80.7000000000                80.7466666667
160          160.0000000000               80.1000000000                80.1000000000
161          161.0000000000               79.3000000000                79.2600000000
162          162.0000000000               78.4000000000                78.4200000000
163          163.0000000000               77.5000000000                77.5800000000
164          164.0000000000               76.8000000000                76.7400000000
165          165.0000000000               75.9000000000                75.9000000000
166          166.0000000000               75.5000000000                75.2857142857
167          167.0000000000               75.2000000000                75.3314285714
168          168.0000000000               75.1000000000                75.3771428571
169          169.0000000000               75.5000000000                75.4228571429
170          170.0000000000               75.6000000000                75.4685714286
171          171.0000000000               75.5000000000                75.5142857143
172          172.0000000000               75.2000000000                75.6416666667
173          173.0000000000               74.4000000000                74.3797619048
174          174.0000000000               73.5000000000                73.1178571429
175          175.0000000000               72.3000000000                71.8559523810
176          176.0000000000               70.6000000000                70.5940476190
177          177.0000000000               69.1000000000                69.3321428571
178          178.0000000000               67.8000000000                68.0702380952
179          179.0000000000               66.9000000000                66.8083333333
180          180.0000000000               66.2000000000                65.8416666667
181          181.0000000000               65.4000000000                65.6476190476
182          182.0000000000               65.3000000000                65.4535714286
183          183.0000000000               65.2000000000                65.2595238095
184          184.0000000000               65.1000000000                65.0654761905
185          185.0000000000               64.8000000000                64.8714285714
186          186.0000000000               64.7000000000                64.6773809524
187          187.0000000000               64.6000000000                64.4833333333
188          188.0000000000               64.9000000000                64.5934065934
189          189.0000000000               64.8000000000                64.8175824176
190          190.0000000000               64.9000000000                65.0417582418
191          191.0000000000               65.1000000000                65.2659340659
192          192.0000000000               65.5000000000                65.4901098901
193          193.0000000000               65.5000000000                65.7142857143
194          194.0000000000               65.9000000000                65.9384615385
195          195.0000000000               66.1000000000                66.1626373626
196          196.0000000000               66.5000000000                66.3868131868
197          197.0000000000               66.9000000000                66.6109890110
198          198.0000000000               66.9000000000                66.8351648352
199          199.0000000000               67.0000000000                67.0593406593
200          200.0000000000               67.2000000000                67.2835164835
201          201.0000000000               67.1000000000                67.0800000000
202          202.0000000000               67.0000000000                67.0200000000
203          203.0000000000               67.0000000000                66.9600000000
204          204.0000000000               66.8000000000                66.9000000000
205          205.0000000000               66.9000000000                66.8400000000
206          206.0000000000               66.9000000000                67.1283333333
207          207.0000000000               67.0000000000                67.0290476190
208          208.0000000000               66.9000000000                66.9297619048
209          209.0000000000               67.0000000000                66.8304761905
210          210.0000000000               66.9000000000                66.7311904762
211          211.0000000000               66.7000000000                66.6319047619
212          212.0000000000               66.6000000000                66.5326190476
213          213.0000000000               66.5000000000                66.4333333333
214          214.0000000000               66.3000000000                66.3340476190
215          215.0000000000               66.2000000000                66.2347619048
216          216.0000000000               66.1000000000                66.1354761905
217          217.0000000000               65.8000000000                66.0361904762
218          218.0000000000               65.9000000000                65.9369047619
219          219.0000000000               65.9000000000                65.8376190476
220          220.0000000000               65.8000000000                65.7383333333
221          221.0000000000               65.9000000000                66.1476190476
222          222.0000000000               66.0000000000                65.8419047619
223          223.0000000000               65.7000000000                65.5361904762
224          224.0000000000               65.3000000000                65.2304761905
225          225.0000000000               64.9000000000                64.9247619048
226          226.0000000000               64.5000000000                64.6190476190
227          227.0000000000               64.7000000000                64.6400000000
228          228.0000000000               64.5000000000                64.4800000000
229          229.0000000000               64.2000000000                64.3200000000
230          230.0000000000               64.1000000000                64.1600000000
231          231.0000000000               64.1000000000                64.0000000000
232          232.0000000000               64.2000000000                64.2400000000
233          233.0000000000               64.0000000000                63.9600000000
234          234.0000000000               63.7000000000                63.6800000000
235          235.0000000000               63.4000000000                63.4000000000
236          236.0000000000               63.1000000000                63.1200000000
237          237.0000000000               63.0000000000                62.9785714286
238          238.0000000000               62.8000000000                62.7857142857
239          239.0000000000               62.5000000000                62.5928571429
240          240.0000000000               62.4000000000                62.4000000000
241          241.0000000000               62.3000000000                62.2071428571
242          242.0000000000               62.0000000000                62.0142857143
243          243.0000000000               61.8000000000                61.8214285714
244          244.0000000000               61.9000000000                61.9600000000
245          245.0000000000               62.0000000000                61.9300000000
246          246.0000000000               61.9000000000                61.9000000000
247          247.0000000000               61.9000000000                61.8700000000
248          248.0000000000               61.8000000000                61.8400000000
249          249.0000000000               61.9000000000                61.9428571429
250          250.0000000000               61.8000000000                61.7457142857
251          251.0000000000               61.5000000000                61.5485714286
252          252.0000000000               61.4000000000                61.3514285714
253          253.0000000000               61.2000000000                61.1542857143
254          254.0000000000               60.9000000000                60.9571428571
255          255.0000000000               60.6000000000                60.4800000000
256          256.0000000000               60.2000000000                60.3600000000
257          257.0000000000               60.2000000000                60.2400000000
258          258.0000000000               60.2000000000                60.1200000000
259          259.0000000000               60.0000000000                60.0000000000
260          260.0000000000               60.3000000000                60.2800000000
261          261.0000000000               60.3000000000                60.4000000000
262          262.0000000000               60.6000000000                60.5200000000
263          263.0000000000               60.7000000000                60.6400000000
264          264.0000000000               60.7000000000                60.7600000000
265          265.0000000000               60.7000000000                60.7666666667
266          266.0000000000               60.9000000000                60.7547619048
267          267.0000000000               60.7000000000                60.7428571429
268          268.0000000000               60.7000000000                60.7309523810
269          269.0000000000               60.7000000000                60.7190476190
270          270.0000000000               60.7000000000                60.7071428571
271          271.0000000000               60.7000000000                60.6952380952
272          272.0000000000               60.7000000000                60.6833333333
273          273.0000000000               60.8000000000                60.6964285714
274          274.0000000000               60.8000000000                60.8357142857
275          275.0000000000               60.9000000000                60.9750000000
276          276.0000000000               61.1000000000                61.1142857143
277          277.0000000000               61.2000000000                61.2535714286
278          278.0000000000               61.4000000000                61.3928571429
279          279.0000000000               61.6000000000                61.5321428571
280          280.0000000000               61.4000000000                60.9052631579
281          281.0000000000               61.5000000000                61.1228070175
282          282.0000000000               61.5000000000                61.3403508772
283          283.0000000000               61.4000000000                61.5578947368
284          284.0000000000               61.4000000000                61.7754385965
285          285.0000000000               61.7000000000                61.9929824561
286          286.0000000000               61.7000000000                62.2105263158
287          287.0000000000               61.9000000000                62.4280701754
288          288.0000000000               62.5000000000                62.6456140351
289          289.0000000000               62.8000000000                62.8631578947
290          290.0000000000               63.2000000000                63.0807017544
291          291.0000000000               63.6000000000                63.2982456140
292          292.0000000000               63.7000000000                63.5157894737
293          293.0000000000               64.1000000000                63.7333333333
294          294.0000000000               64.2000000000                63.9508771930
295          295.0000000000               64.3000000000                64.1684210526
296          296.0000000000               64.5000000000                64.3859649123
297          297.0000000000               64.5000000000                64.6035087719
298          298.0000000000               64.5000000000                64.8210526316
299          299.0000000000               64.5000000000                63.9010526316
300          300.0000000000               64.4000000000                64.1371929825
301          301.0000000000               64.6000000000                64.3733333333
302          302.0000000000               64.5000000000                64.6094736842
303          303.0000000000               64.5000000000                64.8456140351
304          304.0000000000               64.7000000000                65.0817543860
305          305.0000000000               64.9000000000                65.3178947368
306          306.0000000000               65.2000000000                65.5540350877
307          307.0000000000               65.4000000000                65.7901754386
308          308.0000000000               65.9000000000                66.0263157895
309          309.0000000000               66.2000000000                66.2624561404
310          310.0000000000               66.7000000000                66.4985964912
311          311.0000000000               67.0000000000                66.7347368421
312          312.0000000000               67.3000000000                66.9708771930
313          313.0000000000               67.5000000000                67.2070175439
314          314.0000000000               67.9000000000                67.4431578947
315          315.0000000000               67.6000000000                67.6792982456
316          316.0000000000               67.9000000000                67.9154385965
317          317.0000000000               67.8000000000                68.1515789474
318          318.0000000000               67.8000000000                67.6083333333
319          319.0000000000               67.8000000000                67.7845238095
320          320.0000000000               67.7000000000                67.9607142857
321          321.0000000000               68.0000000000                68.1369047619
322          322.0000000000               68.4000000000                68.3130952381
323          323.0000000000               68.5000000000                68.4892857143
324          324.0000000000               68.8000000000                68.6654761905
325          325.0000000000               68.8000000000                68.8416666667
326          326.0000000000               68.7000000000                68.7666666667
327          327.0000000000               68.8000000000                68.6866666667
328          328.0000000000               68.6000000000                68.6066666667
329          329.0000000000               68.5000000000                68.5266666667
330          330.0000000000               68.4000000000                68.4466666667
331          331.0000000000               68.4000000000                68.3666666667
332          332.0000000000               68.7000000000                68.7476190476
333          333.0000000000               68.9000000000                68.8219047619
334          334.0000000000               68.9000000000                68.8961904762
335          335.0000000000               68.9000000000                68.9704761905
336          336.0000000000               69.1000000000                69.0447619048
337          337.0000000000               69.1000000000                69.1190476190
338          338.0000000000               69.0000000000                69.0800000000
339          339.0000000000               68.9000000000                68.9100000000
340          340.0000000000               68.9000000000                68.7400000000
341          341.0000000000               68.6000000000                68.5700000000
342          342.0000000000               68.3000000000                68.4000000000
343          343.0000000000               67.3000000000                67.3800000000
344          344.0000000000               66.7000000000                66.5800000000
345          345.0000000000               65.8000000000                65.7800000000
346          346.0000000000               64.9000000000                64.9800000000
347          347.0000000000               64.2000000000                64.1800000000
348          348.0000000000               63.7000000000                63.4600000000
349          349.0000000000               62.7000000000                63.0100000000
350          350.0000000000               62.6000000000                62.5600000000
351          351.0000000000               62.0000000000                62.1100000000
352          352.0000000000               61.8000000000                61.6600000000
353          353.0000000000               61.6000000000                61.5200000000
354          354.0000000000               61.3000000000                61.3100000000
355          355.0000000000               60.9000000000                61.1000000000
356          356.0000000000               61.0000000000                60.8900000000
357          357.0000000000               60.7000000000                60.6800000000
358          358.0000000000               60.8000000000                60.7800000000
359          359.0000000000               60.6000000000                60.6000000000
360          360.0000000000               60.4000000000                60.4200000000
361          361.0000000000               60.2000000000                60.2400000000
362          362.0000000000               60.1000000000                60.0600000000
363          363.0000000000               59.7000000000                59.7714285714
364          364.0000000000               59.6000000000                59.5000000000
365          365.0000000000               59.2000000000                59.2285714286
366          366.0000000000               59.0000000000                58.9571428571
367          367.0000000000               58.7000000000                58.6857142857
368          368.0000000000               58.3000000000                58.4142857143
369          369.0000000000               58.2000000000                58.1428571429
370          370.0000000000               58.5000000000                58.4642857143
371          371.0000000000               58.2000000000                58.2428571429
372          372.0000000000               58.0000000000                58.0214285714
373          373.0000000000               57.8000000000                57.8000000000
374          374.0000000000               57.6000000000                57.5785714286
375          375.0000000000               57.4000000000                57.3571428571
376          376.0000000000               57.1000000000                57.1357142857
377          377.0000000000               56.5000000000                56.5400000000
378          378.0000000000               56.2000000000                56.1600000000
379          379.0000000000               55.8000000000                55.7800000000
380          380.0000000000               55.4000000000                55.4000000000
381          381.0000000000               55.0000000000                55.0200000000
382          382.0000000000               54.8000000000                54.7200000000
383          383.0000000000               54.5000000000                54.5600000000
384          384.0000000000               54.4000000000                54.4000000000
385          385.0000000000               54.1000000000                54.2400000000
386          386.0000000000               54.2000000000                54.0800000000
387          387.0000000000               54.2000000000                54.2428571429
388          388.0000000000               54.1000000000                54.0257142857
389          389.0000000000               53.8000000000                53.8085714286
390          390.0000000000               53.6000000000                53.5914285714
391          391.0000000000               53.3000000000                53.3742857143
392          392.0000000000               53.2000000000                53.1571428571
393          393.0000000000               52.7000000000                52.7000000000
394          394.0000000000               52.3000000000                52.4200000000
395          395.0000000000               52.2000000000                52.1400000000
396          396.0000000000               52.0000000000                51.8600000000
397          397.0000000000               51.6000000000                51.5800000000
398          398.0000000000               51.2000000000                51.3000000000
399          399.0000000000               50.6000000000                50.6285714286
400          400.0000000000               50.2000000000                50.1857142857
401          401.0000000000               49.8000000000                49.7428571429
402          402.0000000000               49.3000000000                49.3000000000
403          403.0000000000               48.8000000000                48.8571428571
404          404.0000000000               48.4000000000                48.4142857143
405          405.0000000000               48.0000000000                47.9714285714
406          406.0000000000               47.7000000000                47.6000000000
407          407.0000000000               47.0000000000                47.1100000000
408          408.0000000000               46.6000000000                46.6200000000
409          409.0000000000               46.1000000000                46.1300000000
410          410.0000000000               45.7000000000                45.6400000000
411          411.0000000000               45.4000000000                45.4238095238
412          412.0000000000               44.9000000000                44.9009523810
413          413.0000000000               44.4000000000                44.3780952381
414          414.0000000000               43.9000000000                43.8552380952
415          415.0000000000               43.3000000000                43.3323809524
416          416.0000000000               42.8000000000                42.8095238095
417          417.0000000000               42.0000000000                41.9107142857
418          418.0000000000               41.3000000000                41.3785714286
419          419.0000000000               40.8000000000                40.8464285714
420          420.0000000000               40.3000000000                40.3142857143
421          421.0000000000               39.8000000000                39.7821428571
422          422.0000000000               39.3000000000                39.2500000000
423          423.0000000000               38.7000000000                38.7178571429
424          424.0000000000               38.4000000000                38.3688888889
425          425.0000000000               37.9000000000                37.8655555556
426          426.0000000000               37.3000000000                37.3622222222
427          427.0000000000               36.8000000000                36.8588888889
428          428.0000000000               36.4000000000                36.3555555556
429          429.0000000000               35.9000000000                35.8522222222
430          430.0000000000               35.3000000000                35.3488888889
431          431.0000000000               34.8000000000                34.8455555556
432          432.0000000000               34.4000000000                34.3422222222
433          433.0000000000               34.0000000000                33.8416666667
434          434.0000000000               33.2000000000                33.2297619048
435          435.0000000000               32.5000000000                32.6178571429
436          436.0000000000               31.9000000000                32.0059523810
437          437.0000000000               31.4000000000                31.3940476190
438          438.0000000000               30.8000000000                30.7821428571
439          439.0000000000               30.2000000000                30.1702380952
440          440.0000000000               29.6000000000                29.5583333333
441          441.0000000000               29.5000000000                29.4523809524
442          442.0000000000               29.2000000000                29.2380952381
443          443.0000000000               29.0000000000                29.0238095238
444          444.0000000000               28.8000000000                28.8095238095
445          445.0000000000               28.6000000000                28.5952380952
446          446.0000000000               28.4000000000                28.3809523810
447          447.0000000000               28.4000000000                28.4400000000
448          448.0000000000               28.3000000000                28.2600000000
449          449.0000000000               28.1000000000                28.0800000000
450          450.0000000000               27.9000000000                27.9000000000
451          451.0000000000               27.7000000000                27.7200000000
452          452.0000000000               27.3000000000                27.2000000000
453          453.0000000000               27.0000000000                26.9700000000
454          454.0000000000               26.6000000000                26.7400000000
455          455.0000000000               26.3000000000                26.5100000000
456          456.0000000000               26.5000000000                26.2800000000
457          457.0000000000               26.4000000000                26.8625000000
458          458.0000000000               26.2000000000                26.6300000000
459          459.0000000000               26.5000000000                26.3975000000
460          460.0000000000               26.3000000000                26.1650000000
461          461.0000000000               26.2000000000                25.9325000000
462          462.0000000000               26.2000000000                25.7000000000
463          463.0000000000               25.7000000000                25.4675000000
464          464.0000000000               25.4000000000                25.2350000000
465          465.0000000000               25.1000000000                25.0025000000
466          466.0000000000               24.8000000000                24.7700000000
467          467.0000000000               24.5000000000                24.5375000000
468          468.0000000000               24.2000000000                24.3050000000
469          469.0000000000               23.7000000000                24.0725000000
470          470.0000000000               23.6000000000                23.8400000000
471          471.0000000000               23.6000000000                23.6075000000
472          472.0000000000               23.5000000000                23.3750000000
473          473.0000000000               23.6000000000                23.6190476190
474          474.0000000000               23.7000000000                23.6847619048
475          475.0000000000               23.8000000000                23.7504761905
476          476.0000000000               23.7000000000                23.8161904762
477          477.0000000000               24.0000000000                23.8819047619
478          478.0000000000               23.9000000000                23.9476190476
479          479.0000000000               23.9000000000                23.8800000000
480          480.0000000000               23.7000000000                23.6700000000
481          481.0000000000               23.4000000000                23.4600000000
482          482.0000000000               23.2000000000                23.2500000000
483          483.0000000000               23.1000000000                23.0400000000
484          484.0000000000               22.5000000000                22.3644444444
485          485.0000000000               22.2000000000                22.1511111111
486          486.0000000000               21.8000000000                21.9377777778
487          487.0000000000               21.6000000000                21.7244444444
488          488.0000000000               21.5000000000                21.5111111111
489          489.0000000000               21.3000000000                21.2977777778
490          490.0000000000               21.1000000000                21.0844444444
491          491.0000000000               20.9000000000                20.8711111111
492          492.0000000000               20.7000000000                20.6577777778
493          493.0000000000               20.7000000000                20.7200000000
494          494.0000000000               20.5000000000                20.4600000000
495          495.0000000000               20.2000000000                20.2000000000
496          496.0000000000               19.9000000000                19.9400000000
497          497.0000000000               19.7000000000                19.6800000000
498          498.0000000000               19.5000000000                19.5200000000
499          499.0000000000               19.3000000000                19.2600000000
500          500.0000000000               19.0000000000                19.0000000000
501          501.0000000000               18.7000000000                18.7400000000
502          502.0000000000               18.5000000000                18.4800000000
503          503.0000000000               18.4000000000                18.4142857143
504          504.0000000000               18.3000000000                18.2685714286
505          505.0000000000               18.1000000000                18.1228571429
506          506.0000000000               18.0000000000                17.9771428571
507          507.0000000000               17.8000000000                17.8314285714
508          508.0000000000               17.7000000000                17.6857142857
509          509.0000000000               17.6000000000                17.6000000000
510          510.0000000000               17.3000000000                17.2821428571
511          511.0000000000               17.0000000000                16.9642857143
512          512.0000000000               16.6000000000                16.6464285714
513          513.0000000000               16.3000000000                16.3285714286
514          514.0000000000               16.0000000000                16.0107142857
515          515.0000000000               15.7000000000                15.6928571429
516          516.0000000000               15.4000000000                15.3750000000
517          517.0000000000               15.2000000000                15.2833333333
518          518.0000000000               15.1000000000                15.1059523810
519          519.0000000000               15.0000000000                14.9285714286
520          520.0000000000               14.8000000000                14.7511904762
521          521.0000000000               14.6000000000                14.5738095238
522          522.0000000000               14.4000000000                14.3964285714
523          523.0000000000               14.2000000000                14.2190476190
524          524.0000000000               14.0000000000                14.0416666667
525          525.0000000000               13.7000000000                13.6952380952
526          526.0000000000               13.6000000000                13.6438095238
527          527.0000000000               13.6000000000                13.5923809524
528          528.0000000000               13.6000000000                13.5409523810
529          529.0000000000               13.5000000000                13.4895238095
530          530.0000000000               13.4000000000                13.4380952381
531          531.0000000000               13.2000000000                13.3464285714
532          532.0000000000               13.2000000000                13.0785714286
533          533.0000000000               12.9000000000                12.8107142857
534          534.0000000000               12.6000000000                12.5428571429
535          535.0000000000               12.2000000000                12.2750000000
536          536.0000000000               11.9000000000                12.0071428571
537          537.0000000000               11.8000000000                11.7392857143
538          538.0000000000               11.9000000000                11.7107142857
539          539.0000000000               11.9000000000                11.9785714286
540          540.0000000000               12.1000000000                12.2464285714
541          541.0000000000               12.4000000000                12.5142857143
542          542.0000000000               12.8000000000                12.7821428571
543          543.0000000000               13.2000000000                13.0500000000
544          544.0000000000               13.3000000000                13.3178571429
545          545.0000000000               13.3000000000                13.4884615385
546          546.0000000000               13.5000000000                13.3769230769
547          547.0000000000               13.3000000000                13.2653846154
548          548.0000000000               13.2000000000                13.1538461538
549          549.0000000000               13.0000000000                13.0423076923
550          550.0000000000               13.0000000000                12.9307692308
551          551.0000000000               12.8000000000                12.8192307692
552          552.0000000000               12.8000000000                12.7076923077
553          553.0000000000               12.5000000000                12.5961538462
554          554.0000000000               12.5000000000                12.4846153846
555          555.0000000000               12.4000000000                12.3730769231
556          556.0000000000               12.2000000000                12.2615384615
557          557.0000000000               11.9000000000                11.9360294118
558          558.0000000000               11.8000000000                11.6795588235
559          559.0000000000               11.5000000000                11.4230882353
560          560.0000000000               11.2000000000                11.1666176471
561          561.0000000000               10.8000000000                10.9101470588
562          562.0000000000               10.6000000000                10.6536764706
563          563.0000000000               10.3000000000                10.3972058824
564          564.0000000000               10.1000000000                10.1407352941
565          565.0000000000                9.9000000000                 9.8842647059
566          566.0000000000                9.6000000000                 9.6277941176
567          567.0000000000                9.4000000000                 9.3713235294
568          568.0000000000                9.2000000000                 9.1148529412
569          569.0000000000                8.9000000000                 8.8583823529
570          570.0000000000                8.5000000000                 8.6019117647
571          571.0000000000                8.4000000000                 8.3454411765
572          572.0000000000                8.1000000000                 8.0889705882
573          573.0000000000                8.0000000000                 8.0238095238
574          574.0000000000                7.9000000000                 7.9009523810
575          575.0000000000                7.8000000000                 7.7780952381
576          576.0000000000                7.7000000000                 7.6552380952
577          577.0000000000                7.5000000000                 7.5323809524
578          578.0000000000                7.4000000000                 7.4095238095
579          579.0000000000                7.4000000000                 7.3642857143
580          580.0000000000                7.2000000000                 7.2571428571
581          581.0000000000                7.1000000000                 7.1500000000
582          582.0000000000                7.1000000000                 7.0428571429
583          583.0000000000                7.0000000000                 6.9357142857
584          584.0000000000                6.8000000000                 6.8285714286
585          585.0000000000                6.7000000000                 6.7214285714
586          586.0000000000                6.4000000000                 6.4000000000
587          587.0000000000                6.3000000000                 6.3200000000
588          588.0000000000                6.3000000000                 6.2400000000
589          589.0000000000                6.1000000000                 6.1600000000
590          590.0000000000                6.1000000000                 6.0800000000
591          591.0000000000                6.2000000000                 6.2000000000
592          592.0000000000                6.0000000000                 6.0100000000
593          593.0000000000                5.8000000000                 5.8200000000
594          594.0000000000                5.7000000000                 5.6300000000
595          595.0000000000                5.4000000000                 5.4400000000
596          596.0000000000                5.1000000000                 5.0400000000
597          597.0000000000                4.8000000000                 4.7900000000
598          598.0000000000                4.4000000000                 4.5400000000
599          599.0000000000                4.3000000000                 4.2900000000
600          600.0000000000                4.1000000000                 4.0400000000
601          601.0000000000                4.0000000000                 4.2400000000
602          602.0000000000                3.9000000000                 4.1047368421
603          603.0000000000                3.8000000000                 3.9694736842
604          604.0000000000                3.8000000000                 3.8342105263
605          605.0000000000                3.9000000000                 3.6989473684
606          606.0000000000                3.8000000000                 3.5636842105
607          607.0000000000                3.7000000000                 3.4284210526
608          608.0000000000                3.5000000000                 3.2931578947
609          609.0000000000                3.3000000000                 3.1578947368
610          610.0000000000                3.1000000000                 3.0226315789
611          611.0000000000                2.9000000000                 2.8873684211
612          612.0000000000                2.6000000000                 2.7521052632
613          613.0000000000                2.5000000000                 2.6168421053
614          614.0000000000                2.4000000000                 2.4815789474
615          615.0000000000                2.3000000000                 2.3463157895
616          616.0000000000                2.2000000000                 2.2110526316
617          617.0000000000                2.0000000000                 2.0757894737
618          618.0000000000                1.9000000000                 1.9405263158
619          619.0000000000                1.8000000000                 1.8052631579
620          620.0000000000                1.7000000000                 1.6700000000
621          621.0000000000                1.8000000000                 1.7785714286
622          622.0000000000                1.7000000000                 1.7285714286
623          623.0000000000                1.6000000000                 1.6785714286
624          624.0000000000                1.7000000000                 1.6285714286
625          625.0000000000                1.6000000000                 1.5785714286
626          626.0000000000                1.6000000000                 1.5285714286
627          627.0000000000                1.4000000000                 1.4785714286
628          628.0000000000                1.1000000000                 1.1190476190
629          629.0000000000                0.9000000000                 0.8447619048
630          630.0000000000                0.6000000000                 0.5704761905
631          631.0000000000                0.2000000000                 0.2961904762
632          632.0000000000                0.0000000000                 0.0219047619
633          633.0000000000               -0.2000000000                -0.2523809524
634          634.0000000000               -0.3000000000                -0.2371428571
635          635.0000000000               -0.5000000000                -0.3709890110
636          636.0000000000               -0.6000000000                -0.5048351648
637          637.0000000000               -0.5000000000                -0.6386813187
638          638.0000000000               -0.7000000000                -0.7725274725
639          639.0000000000               -0.7000000000                -0.9063736264
640          640.0000000000               -0.9000000000                -1.0402197802
641          641.0000000000               -1.2000000000                -1.1740659341
642          642.0000000000               -1.4000000000                -1.3079120879
643          643.0000000000               -1.5000000000                -1.4417582418
644          644.0000000000               -1.7000000000                -1.5756043956
645          645.0000000000               -1.7000000000                -1.7094505495
646          646.0000000000               -1.9000000000                -1.8432967033
647          647.0000000000               -1.9000000000                -1.9771428571
648          648.0000000000               -1.9000000000                -1.8714285714
649          649.0000000000               -2.0000000000                -2.0285714286
650          650.0000000000               -2.2000000000                -2.1857142857
651          651.0000000000               -2.3000000000                -2.3428571429
652          652.0000000000               -2.5000000000                -2.5000000000
653          653.0000000000               -2.7000000000                -2.6571428571
654          654.0000000000               -2.8000000000                -2.8142857143
655          655.0000000000               -3.1000000000                -3.0644444444
656          656.0000000000               -3.3000000000                -3.2677777778
657          657.0000000000               -3.4000000000                -3.4711111111
658          658.0000000000               -3.7000000000                -3.6744444444
659          659.0000000000               -3.8000000000                -3.8777777778
660          660.0000000000               -4.1000000000                -4.0811111111
661          661.0000000000               -4.3000000000                -4.2844444444
662          662.0000000000               -4.5000000000                -4.4877777778
663          663.0000000000               -4.7000000000                -4.6911111111
664          664.0000000000               -4.8000000000                -4.8107142857
665          665.0000000000               -4.8000000000                -4.8642857143
666          666.0000000000               -5.0000000000                -4.9178571429
667          667.0000000000               -5.0000000000                -4.9714285714
668          668.0000000000               -5.0000000000                -5.0250000000
669          669.0000000000               -5.1000000000                -5.0785714286
670          670.0000000000               -5.1000000000                -5.1321428571
671          671.0000000000               -5.4000000000                -5.3311111111
672          672.0000000000               -5.6000000000                -5.6594444444
673          673.0000000000               -5.9000000000                -5.9877777778
674          674.0000000000               -6.3000000000                -6.3161111111
675          675.0000000000               -6.7000000000                -6.6444444444
676          676.0000000000               -7.0000000000                -6.9727777778
677          677.0000000000               -7.4000000000                -7.3011111111
678          678.0000000000               -7.6000000000                -7.6294444444
679          679.0000000000               -7.9000000000                -7.9577777778
680          680.0000000000               -7.9000000000                -7.9600000000
681          681.0000000000               -8.1000000000                -8.0600000000
682          682.0000000000               -8.2000000000                -8.1600000000
683          683.0000000000               -8.3000000000                -8.2600000000
684          684.0000000000               -8.3000000000                -8.3600000000
685          685.0000000000               -8.3000000000                -8.3000000000
686          686.0000000000               -8.4000000000                -8.4000000000
687          687.0000000000               -8.5000000000                -8.5000000000
688          688.0000000000               -8.6000000000                -8.6000000000
689          689.0000000000               -8.7000000000                -8.7000000000
690          690.0000000000               -8.7000000000                -8.6964285714
691          691.0000000000               -8.6000000000                -8.6642857143
692          692.0000000000               -8.7000000000                -8.6321428571
693          693.0000000000               -8.6000000000                -8.6000000000
694          694.0000000000               -8.6000000000                -8.5678571429
695          695.0000000000               -8.5000000000                -8.5357142857
696          696.0000000000               -8.5000000000                -8.5035714286
697          697.0000000000               -8.7000000000                -8.7238095238
698          698.0000000000               -8.9000000000                -8.8609523810
699          699.0000000000               -9.0000000000                -8.9980952381
700          700.0000000000               -9.1000000000                -9.1352380952
701          701.0000000000               -9.3000000000                -9.2723809524
702          702.0000000000               -9.4000000000                -9.4095238095
703          703.0000000000               -9.4000000000                -9.4000000000
704          704.0000000000               -9.5000000000                -9.5100000000
705          705.0000000000               -9.6000000000                -9.6200000000
706          706.0000000000               -9.8000000000                -9.7300000000
707          707.0000000000               -9.8000000000                -9.8400000000
708          708.0000000000               -9.7000000000                -9.8571428571
709          709.0000000000               -9.9000000000                -9.8285714286
710          710.0000000000               -9.9000000000                -9.8000000000
711          711.0000000000               -9.8000000000                -9.7714285714
712          712.0000000000               -9.8000000000                -9.7428571429
713          713.0000000000               -9.7000000000                -9.7142857143
714          714.0000000000               -9.6000000000                -9.6857142857
715          715.0000000000               -9.8000000000                -9.7619047619
716          716.0000000000               -9.8000000000                -9.8104761905
717          717.0000000000               -9.8000000000                -9.8590476190
718          718.0000000000               -9.9000000000                -9.9076190476
719          719.0000000000              -10.0000000000                -9.9561904762
720          720.0000000000              -10.0000000000               -10.0047619048
721          721.0000000000              -10.3000000000               -10.2250000000
722          722.0000000000              -10.2000000000               -10.2678571429
723          723.0000000000              -10.3000000000               -10.3107142857
724          724.0000000000              -10.3000000000               -10.3535714286
725          725.0000000000              -10.4000000000               -10.3964285714
726          726.0000000000              -10.5000000000               -10.4392857143
727          727.0000000000              -10.5000000000               -10.4821428571
728          728.0000000000              -10.5000000000               -10.5250000000
729          729.0000000000              -10.8000000000               -10.8000000000
730          730.0000000000              -11.0000000000               -10.9700000000
731          731.0000000000              -11.1000000000               -11.1400000000
732          732.0000000000              -11.3000000000               -11.3100000000
733          733.0000000000              -11.5000000000               -11.4800000000
734          734.0000000000              -11.8000000000               -11.8166666667
735          735.0000000000              -12.0000000000               -11.9976190476
736          736.0000000000              -12.2000000000               -12.1785714286
737          737.0000000000              -12.4000000000               -12.3595238095
738          738.0000000000              -12.5000000000               -12.5404761905
739          739.0000000000              -12.7000000000               -12.7214285714
740          740.0000000000              -12.9000000000               -12.9023809524
741          741.0000000000              -13.1000000000               -13.0833333333
742          742.0000000000              -13.4000000000               -13.4809523810
743          743.0000000000              -13.7000000000               -13.6952380952
744          744.0000000000              -14.0000000000               -13.9095238095
745          745.0000000000              -14.2000000000               -14.1238095238
746          746.0000000000              -14.3000000000               -14.3380952381
747          747.0000000000              -14.5000000000               -14.5523809524
748          748.0000000000              -14.6000000000               -14.6619047619
749          749.0000000000              -14.9000000000               -14.7904761905
750          750.0000000000              -14.9000000000               -14.9190476190
751          751.0000000000              -15.0000000000               -15.0476190476
752          752.0000000000              -15.2000000000               -15.1761904762
753          753.0000000000              -15.3000000000               -15.3047619048
754          754.0000000000              -15.2000000000               -15.2073529412
755          755.0000000000              -15.4000000000               -15.3172058824
756          756.0000000000              -15.2000000000               -15.4270588235
757          757.0000000000              -15.4000000000               -15.5369117647
758          758.0000000000              -15.5000000000               -15.6467647059
759          759.0000000000              -15.6000000000               -15.7566176471
760          760.0000000000              -16.0000000000               -15.8664705882
761          761.0000000000              -16.2000000000               -15.9763235294
762          762.0000000000              -16.3000000000               -16.0861764706
763          763.0000000000              -16.4000000000               -16.1960294118
764          764.0000000000              -16.4000000000               -16.3058823529
765          765.0000000000              -16.5000000000               -16.4157352941
766          766.0000000000              -16.6000000000               -16.5255882353
767          767.0000000000              -16.6000000000               -16.6354411765
768          768.0000000000              -16.8000000000               -16.7452941176
769          769.0000000000              -16.4000000000               -16.8551470588
